0.00947611	0.00862463	0.00857512	0.973324	
0.0126905	0.966329	0.00939016	0.0115904	
0.0153871	0.96374	0.0104366	0.0104366	
0.955633	0.0180893	0.0131389	0.0131389	
0.946417	0.0165408	0.0165408	0.0205012	
0.0267643	0.0208237	0.0208237	0.931588	
0.915853	0.0273156	0.0273156	0.0295158	
0.89703	0.0330033	0.0330033	0.0369637	
0.110306	0.104366	0.104366	0.680963	
0.108766	0.105466	0.105466	0.680303	
0.681403	0.105466	0.105466	0.107666	
0.682943	0.104366	0.104366	0.108326	
0.110306	0.104366	0.104366	0.680963	
0.108766	0.105466	0.105466	0.680303	
0.108766	0.105466	0.678102	0.107666	
0.0330033	0.0330033	0.0330033	0.90099	
0.0306159	0.0273156	0.0273156	0.914753	
0.932028	0.0219238	0.0219238	0.024124	
0.946417	0.0165408	0.0165408	0.0205012	
0.956623	0.0131389	0.0131389	0.0170992	
0.0163772	0.0104366	0.0104366	0.96275	
0.969629	0.00939016	0.00939016	0.0115904	
0.976285	0.00658502	0.00658502	0.0105454	
